___terr
Terrain 0
0
-50
0
0
0
0
1000
1000
1000
132
8
1
0.3
0.45
0.1
0.3
___terr_layer
0.792157
0.658824
0.47451
1
data/maps/snow00n.png
0
-0.5
0.5
0
0
1
___terr_layer
0.215686
0.619608
0.486275
1
data/maps/snow00n.png
1
-0.5
0.05
0
0
1
___terr_layer
0.180392
0.247059
0.0352941
1
data/maps/grass00n.png
1
0.06
0.5
0
0
1
___terr_layer
0.203922
0.211765
0.223529
1
data/maps/rocks00n.png
0
-0.5
0.5
1
0.15
1
___water
Water 0
0
0
0
0
0
0
10000
10000
10000
data/maps/water03n.png
-0.005
0.211765
0.619608
0.486275
1
data/maps/snow00n.png
___env
-20
20
1
1
1
1.5
1
1
1
0.5
4
0.376471
0.537255
0.694118
1
0.192157
0.282353
0.356863
1
1024
100
0
0.376471
0.537255
0.694118
1
64
0.1
0.1
0.0784314
0.176471
0.231373
1
