___terr
Terrain 0
0
0
0
0
0
0
1000
1000
1000
134
8
0
0.3
0.45
-0.1
0.2
___terr_layer
0.407843
0.254902
0.117647
1
data/maps/sand00n.png
0
-0.5
0.5
0
0
1
___terr_layer
0.298039
0.388235
0.0666667
1
data/maps/grass00n.png
1
0
0.5
0
0
1
___terr_layer
0.282353
0.298039
0.309804
1
data/maps/rocks00n.png
0
-0.5
0.5
1
0.16
1
___env
10
30
1
0.92549
0.796078
2
1
0.945098
0.776471
1
64
0.223529
0.490196
0.654902
1
0.266667
0.313726
0.356863
1
512
150
0
0.223529
0.490196
0.654902
1
128
150
-100
0.494118
0.6
0.694118
0.2
